***************************************** BIN PACKING SOLUTION *****************************************
Parameters: alpha_1=0.6 alpha_2=0.4 t=0.2 s=1
-------------------------------------------------------------------------------------------------------------------------------------------------
INSTANCE 	 # OF BINS 	 SCHEDULING OBJECTIVE 	 BEST OBJECTIVE 	 RUNNING TIME
-------------------------------------------------------------------------------------------------------------------------------------------------
BPP_new_20_1000_1.C	13	4.000	9.400	0.000
BPP_new_20_1000_10.C	9	1.000	5.800	0.000
BPP_new_20_1000_2.C	11	3.400	7.960	0.000
BPP_new_20_1000_3.C	13	5.000	9.800	0.000
BPP_new_20_1000_4.C	8	2.400	5.760	0.000
BPP_new_20_1000_5.C	11	2.400	7.560	0.000
BPP_new_20_1000_6.C	11	2.000	7.400	0.000
BPP_new_20_1000_7.C	10	1.000	6.400	0.000
BPP_new_20_1000_8.C	11	5.000	8.600	0.000
BPP_new_20_1000_9.C	14	4.000	10.000	0.000
BPP_new_20_100_1.C	12	4.600	9.040	0.000
BPP_new_20_100_10.C	9	2.400	6.360	0.000
BPP_new_20_100_2.C	13	3.000	9.000	0.000
BPP_new_20_100_3.C	8	0.200	4.880	0.000
BPP_new_20_100_4.C	11	3.400	7.960	0.000
BPP_new_20_100_5.C	12	3.400	8.560	0.000
BPP_new_20_100_6.C	9	2.400	6.360	0.000
BPP_new_20_100_7.C	9	1.800	6.120	0.000
BPP_new_20_100_8.C	12	3.400	8.560	0.000
BPP_new_20_100_9.C	14	3.000	9.600	0.000
BPP_new_20_120_1.C	10	2.600	7.040	0.000
BPP_new_20_120_10.C	15	4.200	10.680	0.000
BPP_new_20_120_2.C	11	3.000	7.800	0.000
BPP_new_20_120_3.C	12	5.000	9.200	0.000
BPP_new_20_120_4.C	12	3.000	8.400	0.000
BPP_new_20_120_5.C	11	2.000	7.400	0.000
BPP_new_20_120_6.C	9	0.800	5.720	0.000
BPP_new_20_120_7.C	11	1.000	7.000	0.000
BPP_new_20_120_8.C	11	5.000	8.600	0.000
BPP_new_20_120_9.C	14	3.000	9.600	0.000
BPP_new_20_125_1.C	12	5.200	9.280	0.000
BPP_new_20_125_10.C	10	1.000	6.400	0.000
BPP_new_20_125_2.C	8	2.800	5.920	0.000
BPP_new_20_125_3.C	10	1.000	6.400	0.000
BPP_new_20_125_4.C	12	3.000	8.400	0.000
BPP_new_20_125_5.C	13	4.000	9.400	0.000
BPP_new_20_125_6.C	11	4.600	8.440	0.000
BPP_new_20_125_7.C	12	5.000	9.200	0.000
BPP_new_20_125_8.C	10	4.200	7.680	0.000
BPP_new_20_125_9.C	11	2.200	7.480	0.000
BPP_new_20_150_1.C	9	0.400	5.560	0.000
BPP_new_20_150_10.C	10	1.800	6.720	0.000
BPP_new_20_150_2.C	11	2.000	7.400	0.000
BPP_new_20_150_3.C	10	3.000	7.200	0.000
BPP_new_20_150_4.C	9	2.800	6.520	0.000
BPP_new_20_150_5.C	12	2.000	8.000	0.000
BPP_new_20_150_6.C	10	4.000	7.600	0.000
BPP_new_20_150_7.C	13	2.000	8.600	0.000
BPP_new_20_150_8.C	9	3.600	6.840	0.000
BPP_new_20_150_9.C	15	4.000	10.600	0.000
BPP_new_20_200_1.C	8	3.000	6.000	0.000
BPP_new_20_200_10.C	12	5.000	9.200	0.000
BPP_new_20_200_2.C	12	4.800	9.120	0.000
BPP_new_20_200_3.C	14	3.000	9.600	0.000
BPP_new_20_200_4.C	10	4.000	7.600	0.000
BPP_new_20_200_5.C	11	4.200	8.280	0.000
BPP_new_20_200_6.C	8	3.400	6.160	0.000
BPP_new_20_200_7.C	12	3.400	8.560	0.000
BPP_new_20_200_8.C	11	2.600	7.640	0.000
BPP_new_20_200_9.C	10	2.000	6.800	0.000
BPP_new_20_300_1.C	8	2.800	5.920	0.000
BPP_new_20_300_10.C	11	2.800	7.720	0.000
BPP_new_20_300_2.C	11	2.200	7.480	0.000
BPP_new_20_300_3.C	14	5.800	10.720	0.000
BPP_new_20_300_4.C	10	1.400	6.560	0.000
BPP_new_20_300_5.C	9	3.000	6.600	0.000
BPP_new_20_300_6.C	10	3.000	7.200	0.000
BPP_new_20_300_7.C	12	2.800	8.320	0.000
BPP_new_20_300_8.C	9	2.000	6.200	0.000
BPP_new_20_300_9.C	10	2.600	7.040	0.000
BPP_new_20_400_1.C	11	3.400	7.960	0.000
BPP_new_20_400_10.C	11	2.400	7.560	0.000
BPP_new_20_400_2.C	12	3.000	8.400	0.000
BPP_new_20_400_3.C	9	1.800	6.120	0.000
BPP_new_20_400_4.C	9	2.800	6.520	0.000
BPP_new_20_400_5.C	11	3.800	8.120	0.000
BPP_new_20_400_6.C	10	3.800	7.520	0.000
BPP_new_20_400_7.C	9	1.000	5.800	0.000
BPP_new_20_400_8.C	12	4.800	9.120	0.000
BPP_new_20_400_9.C	10	4.600	7.840	0.000
BPP_new_20_500_1.C	9	1.000	5.800	0.000
BPP_new_20_500_10.C	8	1.800	5.520	0.000
BPP_new_20_500_2.C	10	2.000	6.800	0.000
BPP_new_20_500_3.C	11	5.200	8.680	0.000
BPP_new_20_500_4.C	12	2.600	8.240	0.000
BPP_new_20_500_5.C	9	1.000	5.800	0.000
BPP_new_20_500_6.C	11	2.000	7.400	0.000
BPP_new_20_500_7.C	13	2.800	8.920	0.000
BPP_new_20_500_8.C	13	3.000	9.000	0.000
BPP_new_20_500_9.C	11	2.400	7.560	0.000
BPP_new_20_50_1.C	13	2.800	8.920	0.000
BPP_new_20_50_10.C	13	3.000	9.000	0.000
BPP_new_20_50_2.C	10	2.200	6.880	0.000
BPP_new_20_50_3.C	9	3.600	6.840	0.000
BPP_new_20_50_4.C	15	4.400	10.760	0.000
BPP_new_20_50_5.C	9	2.000	6.200	0.000
BPP_new_20_50_6.C	10	3.600	7.440	0.000
BPP_new_20_50_7.C	12	3.800	8.720	0.000
BPP_new_20_50_8.C	12	1.000	7.600	0.000
BPP_new_20_50_9.C	9	3.200	6.680	0.000
BPP_new_20_750_1.C	10	2.800	7.120	0.000
BPP_new_20_750_10.C	12	6.000	9.600	0.000
BPP_new_20_750_2.C	9	1.800	6.120	0.000
BPP_new_20_750_3.C	10	1.000	6.400	0.000
BPP_new_20_750_4.C	10	2.000	6.800	0.000
BPP_new_20_750_5.C	12	4.600	9.040	0.000
BPP_new_20_750_6.C	11	1.000	7.000	0.000
BPP_new_20_750_7.C	12	2.200	8.080	0.000
BPP_new_20_750_8.C	10	1.200	6.480	0.000
BPP_new_20_750_9.C	11	3.800	8.120	0.000
BPP_new_20_75_1.C	12	2.000	8.000	0.000
BPP_new_20_75_10.C	9	5.800	7.720	0.000
BPP_new_20_75_2.C	12	3.000	8.400	0.000
BPP_new_20_75_3.C	11	3.600	8.040	0.000
BPP_new_20_75_4.C	11	4.000	8.200	0.000
BPP_new_20_75_5.C	11	6.200	9.080	0.000
BPP_new_20_75_6.C	7	2.800	5.320	0.000
BPP_new_20_75_7.C	9	2.000	6.200	0.000
BPP_new_20_75_8.C	8	3.000	6.000	0.000
BPP_new_20_75_9.C	12	5.200	9.280	0.000
HBPP_02015007_09180.C	10	1.000	6.400	0.000
HBPP_04000107_06970.C	18	4.200	12.480	0.000
HBPP_04005007_06120.C	17	3.400	11.560	0.000
HBPP_04005009_03610.C	22	4.600	15.040	0.000
HBPP_06000106_07820.C	22	3.800	14.720	0.001
HBPP_06000110_01950.C	29	4.200	19.080	0.001
HBPP_06005007_00330.C	25	3.600	16.440	0.001
HBPP_06005007_03820.C	23	2.600	14.840	0.000
HBPP_06005008_07550.C	25	4.200	16.680	0.001
HBPP_06015006_00670.C	28	4.000	18.400	0.001
HBPP_06015009_04030.C	32	5.800	21.520	0.001
HBPP_06015010_07710.C	36	4.000	23.200	0.001
HBPP_06025005_06390.C	26	6.400	18.160	0.001
HBPP_08000107_06240.C	30	6.800	20.720	0.011
HBPP_08005006_08620.C	29	6.400	19.960	0.001
HBPP_08005007_03940.C	32	6.400	21.760	0.001
HBPP_10000107_05080.C	40	7.200	26.880	0.002
HBPP_10000107_07330.C	38	4.800	24.720	0.002
HBPP_10000108_02570.C	44	7.800	29.520	0.003
HBPP_10015007_04640.C	49	6.600	32.040	0.003
HBPP_12000107_08940.C	49	7.600	32.440	0.003
HBPP_12000108_00350.C	48	4.200	30.480	0.004
HBPP_12000109_09170.C	62	6.200	39.680	0.004
HBPP_12000110_06550.C	67	8.800	43.720	0.004
HBPP_12005007_01380.C	58	8.000	38.000	0.005
HBPP_12005007_01800.C	48	6.800	31.520	0.003
HBPP_12005007_03240.C	47	5.200	30.280	0.015
HBPP_12005008_04500.C	61	9.200	40.280	0.004
HBPP_12015007_01650.C	58	7.800	37.920	0.004
HBPP_12015009_07400.C	66	10.000	43.600	0.004
HBPP_14005010_04470.C	86	13.600	57.040	0.008
HBPP_14015007_01210.C	69	8.800	44.920	0.013
HBPP_14015008_03730.C	72	9.000	46.800	0.006
HBPP_16000107_00140.C	67	15.800	46.520	0.062
HBPP_16000108_01490.C	74	14.400	50.160	0.026
HBPP_16000110_02790.C	91	18.200	61.880	0.015
HBPP_16005009_00010.C	84	14.400	56.160	0.031
HBPP_16005009_01610.C	87	13.800	57.720	0.041
HBPP_16015007_02060.C	81	12.400	53.560	0.015
HBPP_16015009_09810.C	91	15.800	60.920	0.026
HBPP_18000108_03590.C	86	11.200	56.080	0.017
HBPP_18000108_07160.C	84	11.800	55.120	0.016
HBPP_18000110_04390.C	94	9.800	60.320	0.048
HBPP_18015008_08210.C	97	19.200	65.880	0.013
HBPP_18015010_06050.C	114	13.400	73.760	0.049
HBPP_20000107_01190.C	84	8.000	53.600	0.019
HBPP_20000108_00250.C	85	15.800	57.320	0.020
HBPP_20000108_01750.C	95	17.000	63.800	0.022
HBPP_20005008_01240.C	94	14.200	62.080	0.049
HBPP_20005009_02000.C	105	15.200	69.080	0.023
HBPP_20005010_09530.C	112	12.200	72.080	0.018
HBPP_20015007_06370.C	91	11.400	59.160	0.013
HBPP_20015009_02720.C	120	20.600	80.240	0.058
BPP_100_1000_0.1_0.8_0.C	51	1.200	31.080	0.010
BPP_100_1000_0.1_0.8_1.C	50	1.800	30.720	0.014
BPP_100_1000_0.1_0.8_2.C	49	4.400	31.160	0.005
BPP_100_1000_0.1_0.8_3.C	48	1.600	29.440	0.008
BPP_100_1000_0.1_0.8_4.C	49	1.200	29.880	0.011
BPP_100_1000_0.1_0.8_5.C	50	7.400	32.960	0.003
BPP_100_1000_0.1_0.8_6.C	49	3.200	30.680	0.009
BPP_100_1000_0.1_0.8_7.C	50	2.600	31.040	0.017
BPP_100_1000_0.1_0.8_8.C	57	2.600	35.240	0.004
BPP_100_1000_0.1_0.8_9.C	47	2.800	29.320	0.010
BPP_100_100_0.1_0.8_0.C	51	4.200	32.280	0.010
BPP_100_100_0.1_0.8_1.C	52	3.200	32.480	0.006
BPP_100_100_0.1_0.8_2.C	47	5.200	30.280	0.009
BPP_100_100_0.1_0.8_3.C	52	4.800	33.120	0.019
BPP_100_100_0.1_0.8_4.C	59	1.200	35.880	0.005
BPP_100_100_0.1_0.8_5.C	54	2.000	33.200	0.016
BPP_100_100_0.1_0.8_6.C	49	1.200	29.880	0.016
BPP_100_100_0.1_0.8_7.C	53	0.800	32.120	0.006
BPP_100_100_0.1_0.8_8.C	48	1.200	29.280	0.013
BPP_100_100_0.1_0.8_9.C	51	1.000	31.000	0.015
BPP_100_120_0.1_0.8_0.C	47	6.600	30.840	0.015
BPP_100_120_0.1_0.8_1.C	50	7.000	32.800	0.003
BPP_100_120_0.1_0.8_2.C	49	1.200	29.880	0.002
BPP_100_120_0.1_0.8_3.C	56	0.600	33.840	0.004
BPP_100_120_0.1_0.8_4.C	53	1.200	32.280	0.004
BPP_100_120_0.1_0.8_5.C	49	5.600	31.640	0.006
BPP_100_120_0.1_0.8_6.C	49	5.800	31.720	0.004
BPP_100_120_0.1_0.8_7.C	58	2.600	35.840	0.004
BPP_100_120_0.1_0.8_8.C	48	3.600	30.240	0.004
BPP_100_120_0.1_0.8_9.C	49	1.600	30.040	0.011
BPP_100_125_0.1_0.8_0.C	53	9.400	35.560	0.008
BPP_100_125_0.1_0.8_1.C	51	11.000	35.000	0.002
BPP_100_125_0.1_0.8_2.C	52	1.400	31.760	0.010
BPP_100_125_0.1_0.8_3.C	49	0.600	29.640	0.022
BPP_100_125_0.1_0.8_4.C	53	4.200	33.480	0.005
BPP_100_125_0.1_0.8_5.C	49	4.400	31.160	0.002
BPP_100_125_0.1_0.8_6.C	55	3.600	34.440	0.006
BPP_100_125_0.1_0.8_7.C	56	6.600	36.240	0.009
BPP_100_125_0.1_0.8_8.C	47	3.200	29.480	0.009
BPP_100_125_0.1_0.8_9.C	50	2.400	30.960	0.006
BPP_100_150_0.1_0.8_0.C	60	3.400	37.360	0.007
BPP_100_150_0.1_0.8_1.C	52	4.200	32.880	0.006
BPP_100_150_0.1_0.8_2.C	47	5.400	30.360	0.009
BPP_100_150_0.1_0.8_3.C	47	2.800	29.320	0.008
BPP_100_150_0.1_0.8_4.C	55	2.600	34.040	0.017
BPP_100_150_0.1_0.8_5.C	51	3.000	31.800	0.012
BPP_100_150_0.1_0.8_6.C	50	1.400	30.560	0.015
BPP_100_150_0.1_0.8_7.C	51	1.200	31.080	0.017
BPP_100_150_0.1_0.8_8.C	53	1.800	32.520	0.010
BPP_100_150_0.1_0.8_9.C	50	3.200	31.280	0.005
BPP_100_200_0.1_0.8_0.C	51	4.800	32.520	0.012
BPP_100_200_0.1_0.8_1.C	54	6.600	35.040	0.004
BPP_100_200_0.1_0.8_2.C	51	2.800	31.720	0.009
BPP_100_200_0.1_0.8_3.C	50	2.800	31.120	0.019
BPP_100_200_0.1_0.8_4.C	53	3.800	33.320	0.004
BPP_100_200_0.1_0.8_5.C	56	6.400	36.160	0.009
BPP_100_200_0.1_0.8_6.C	56	4.600	35.440	0.012
BPP_100_200_0.1_0.8_7.C	50	5.200	32.080	0.002
BPP_100_200_0.1_0.8_8.C	56	3.600	35.040	0.009
BPP_100_200_0.1_0.8_9.C	61	4.400	38.360	0.004
BPP_100_300_0.1_0.8_0.C	50	3.200	31.280	0.021
BPP_100_300_0.1_0.8_1.C	48	4.800	30.720	0.002
BPP_100_300_0.1_0.8_2.C	52	7.800	34.320	0.003
BPP_100_300_0.1_0.8_3.C	52	7.600	34.240	0.015
BPP_100_300_0.1_0.8_4.C	48	4.000	30.400	0.015
BPP_100_300_0.1_0.8_5.C	55	3.200	34.280	0.005
BPP_100_300_0.1_0.8_6.C	47	1.800	28.920	0.018
BPP_100_300_0.1_0.8_7.C	54	5.400	34.560	0.004
BPP_100_300_0.1_0.8_8.C	51	1.600	31.240	0.008
BPP_100_300_0.1_0.8_9.C	52	0.600	31.440	0.021
BPP_100_400_0.1_0.8_0.C	49	3.200	30.680	0.014
BPP_100_400_0.1_0.8_1.C	49	3.200	30.680	0.011
BPP_100_400_0.1_0.8_2.C	52	2.800	32.320	0.005
BPP_100_400_0.1_0.8_3.C	52	2.600	32.240	0.019
BPP_100_400_0.1_0.8_4.C	52	2.600	32.240	0.016
BPP_100_400_0.1_0.8_5.C	50	1.600	30.640	0.017
BPP_100_400_0.1_0.8_6.C	53	1.200	32.280	0.015
BPP_100_400_0.1_0.8_7.C	51	2.000	31.400	0.006
BPP_100_400_0.1_0.8_8.C	53	5.800	34.120	0.007
BPP_100_400_0.1_0.8_9.C	53	3.400	33.160	0.011
BPP_100_500_0.1_0.8_0.C	47	5.400	30.360	0.009
BPP_100_500_0.1_0.8_1.C	53	3.400	33.160	0.006
BPP_100_500_0.1_0.8_2.C	51	2.200	31.480	0.009
BPP_100_500_0.1_0.8_3.C	52	12.600	36.240	0.018
BPP_100_500_0.1_0.8_4.C	52	7.800	34.320	0.011
BPP_100_500_0.1_0.8_5.C	57	2.000	35.000	0.009
BPP_100_500_0.1_0.8_6.C	55	3.800	34.520	0.003
BPP_100_500_0.1_0.8_7.C	54	3.400	33.760	0.009
BPP_100_500_0.1_0.8_8.C	52	4.400	32.960	0.002
BPP_100_500_0.1_0.8_9.C	50	4.000	31.600	0.007
BPP_100_50_0.1_0.8_0.C	48	2.000	29.600	0.010
BPP_100_50_0.1_0.8_1.C	47	6.200	30.680	0.005
BPP_100_50_0.1_0.8_2.C	54	5.000	34.400	0.013
BPP_100_50_0.1_0.8_3.C	51	5.400	32.760	0.008
BPP_100_50_0.1_0.8_4.C	46	2.200	28.480	0.022
BPP_100_50_0.1_0.8_5.C	46	2.000	28.400	0.007
BPP_100_50_0.1_0.8_6.C	48	1.600	29.440	0.007
BPP_100_50_0.1_0.8_7.C	50	1.400	30.560	0.023
BPP_100_50_0.1_0.8_8.C	51	4.400	32.360	0.018
BPP_100_50_0.1_0.8_9.C	50	4.600	31.840	0.009
BPP_100_750_0.1_0.8_0.C	50	2.000	30.800	0.015
BPP_100_750_0.1_0.8_1.C	49	2.000	30.200	0.014
BPP_100_750_0.1_0.8_2.C	49	2.000	30.200	0.011
BPP_100_750_0.1_0.8_3.C	53	3.000	33.000	0.005
BPP_100_750_0.1_0.8_4.C	57	3.800	35.720	0.007
BPP_100_750_0.1_0.8_5.C	53	0.400	31.960	0.011
BPP_100_750_0.1_0.8_6.C	50	0.200	30.080	0.006
BPP_100_750_0.1_0.8_7.C	54	-0.000	32.400	0.010
BPP_100_750_0.1_0.8_8.C	50	0.800	30.320	0.002
BPP_100_750_0.1_0.8_9.C	48	1.000	29.200	0.011
BPP_100_75_0.1_0.8_0.C	54	-0.000	32.400	0.015
BPP_100_75_0.1_0.8_1.C	50	4.200	31.680	0.019
BPP_100_75_0.1_0.8_2.C	51	7.800	33.720	0.004
BPP_100_75_0.1_0.8_3.C	55	2.600	34.040	0.013
BPP_100_75_0.1_0.8_4.C	50	0.400	30.160	0.006
BPP_100_75_0.1_0.8_5.C	53	1.200	32.280	0.002
BPP_100_75_0.1_0.8_6.C	49	0.800	29.720	0.011
BPP_100_75_0.1_0.8_7.C	53	0.200	31.880	0.018
BPP_100_75_0.1_0.8_8.C	53	0.200	31.880	0.011
BPP_100_75_0.1_0.8_9.C	55	0.800	33.320	0.005
BPP_200_1000_0.1_0.8_0.C	105	1.600	63.640	0.031
BPP_200_1000_0.1_0.8_1.C	105	3.200	64.280	0.074
BPP_200_1000_0.1_0.8_2.C	106	2.400	64.560	0.061
BPP_200_1000_0.1_0.8_3.C	100	5.000	62.000	0.118
BPP_200_1000_0.1_0.8_4.C	102	5.600	63.440	0.030
BPP_200_1000_0.1_0.8_5.C	104	0.600	62.640	0.016
BPP_200_1000_0.1_0.8_6.C	98	1.000	59.200	0.139
BPP_200_1000_0.1_0.8_7.C	109	1.000	65.800	0.040
BPP_200_1000_0.1_0.8_8.C	100	2.400	60.960	0.042
BPP_200_1000_0.1_0.8_9.C	98	1.800	59.520	0.080
BPP_200_100_0.1_0.8_0.C	102	0.200	61.280	0.256
BPP_200_100_0.1_0.8_1.C	105	6.200	65.480	0.017
BPP_200_100_0.1_0.8_2.C	96	3.400	58.960	0.020
BPP_200_100_0.1_0.8_3.C	99	2.000	60.200	0.305
BPP_200_100_0.1_0.8_4.C	104	4.600	64.240	0.099
BPP_200_100_0.1_0.8_5.C	98	2.000	59.600	0.089
BPP_200_100_0.1_0.8_6.C	97	1.000	58.600	0.091
BPP_200_100_0.1_0.8_7.C	98	5.800	61.120	0.067
BPP_200_100_0.1_0.8_8.C	104	10.000	66.400	0.038
BPP_200_100_0.1_0.8_9.C	104	3.200	63.680	0.072
BPP_200_120_0.1_0.8_0.C	100	7.400	62.960	0.063
BPP_200_120_0.1_0.8_1.C	92	0.600	55.440	0.150
BPP_200_120_0.1_0.8_2.C	113	0.200	67.880	0.129
BPP_200_120_0.1_0.8_3.C	98	6.200	61.280	0.021
BPP_200_120_0.1_0.8_4.C	107	3.000	65.400	0.068
BPP_200_120_0.1_0.8_5.C	103	3.200	63.080	0.111
BPP_200_120_0.1_0.8_6.C	102	2.600	62.240	0.016
BPP_200_120_0.1_0.8_7.C	102	5.600	63.440	0.129
BPP_200_120_0.1_0.8_8.C	96	9.200	61.280	0.179
BPP_200_120_0.1_0.8_9.C	108	6.800	67.520	0.205
BPP_200_125_0.1_0.8_0.C	104	6.600	65.040	0.023
BPP_200_125_0.1_0.8_1.C	111	6.200	69.080	0.033
BPP_200_125_0.1_0.8_2.C	100	5.400	62.160	0.197
BPP_200_125_0.1_0.8_3.C	100	10.400	64.160	0.175
BPP_200_125_0.1_0.8_4.C	101	7.800	63.720	0.193
BPP_200_125_0.1_0.8_5.C	107	6.800	66.920	0.066
BPP_200_125_0.1_0.8_6.C	101	3.200	61.880	0.202
BPP_200_125_0.1_0.8_7.C	94	4.600	58.240	0.149
BPP_200_125_0.1_0.8_8.C	102	4.800	63.120	0.184
BPP_200_125_0.1_0.8_9.C	102	1.800	61.920	0.096
BPP_200_150_0.1_0.8_0.C	103	2.400	62.760	0.059
BPP_200_150_0.1_0.8_1.C	103	4.200	63.480	0.089
BPP_200_150_0.1_0.8_2.C	101	4.600	62.440	0.048
BPP_200_150_0.1_0.8_3.C	103	7.200	64.680	0.092
BPP_200_150_0.1_0.8_4.C	109	7.000	68.200	0.032
BPP_200_150_0.1_0.8_5.C	102	6.000	63.600	0.173
BPP_200_150_0.1_0.8_6.C	107	4.200	65.880	0.040
BPP_200_150_0.1_0.8_7.C	108	11.600	69.440	0.084
BPP_200_150_0.1_0.8_8.C	104	3.000	63.600	0.166
BPP_200_150_0.1_0.8_9.C	102	2.200	62.080	0.103
BPP_200_200_0.1_0.8_0.C	103	0.400	61.960	0.166
BPP_200_200_0.1_0.8_1.C	104	10.200	66.480	0.037
BPP_200_200_0.1_0.8_2.C	95	8.400	60.360	0.021
BPP_200_200_0.1_0.8_3.C	99	3.600	60.840	0.105
BPP_200_200_0.1_0.8_4.C	102	7.400	64.160	0.043
BPP_200_200_0.1_0.8_5.C	100	1.600	60.640	0.036
BPP_200_200_0.1_0.8_6.C	106	1.600	64.240	0.040
BPP_200_200_0.1_0.8_7.C	101	2.600	61.640	0.063
BPP_200_200_0.1_0.8_8.C	105	4.400	64.760	0.155
BPP_200_200_0.1_0.8_9.C	103	4.800	63.720	0.036
BPP_200_300_0.1_0.8_0.C	100	0.000	60.000	0.129
BPP_200_300_0.1_0.8_1.C	106	4.000	65.200	0.109
BPP_200_300_0.1_0.8_2.C	106	1.000	64.000	0.184
BPP_200_300_0.1_0.8_3.C	108	9.600	68.640	0.154
BPP_200_300_0.1_0.8_4.C	104	10.200	66.480	0.044
BPP_200_300_0.1_0.8_5.C	96	3.200	58.880	0.052
BPP_200_300_0.1_0.8_6.C	106	4.400	65.360	0.066
BPP_200_300_0.1_0.8_7.C	100	3.400	61.360	0.029
BPP_200_300_0.1_0.8_8.C	100	5.600	62.240	0.079
BPP_200_300_0.1_0.8_9.C	106	4.000	65.200	0.039
BPP_200_400_0.1_0.8_0.C	111	11.800	71.320	0.041
BPP_200_400_0.1_0.8_1.C	104	1.000	62.800	0.044
BPP_200_400_0.1_0.8_2.C	111	2.600	67.640	0.026
BPP_200_400_0.1_0.8_3.C	104	4.800	64.320	0.228
BPP_200_400_0.1_0.8_4.C	101	10.000	64.600	0.061
BPP_200_400_0.1_0.8_5.C	95	4.600	58.840	0.099
BPP_200_400_0.1_0.8_6.C	97	2.000	59.000	0.092
BPP_200_400_0.1_0.8_7.C	105	2.800	64.120	0.024
BPP_200_400_0.1_0.8_8.C	102	0.800	61.520	0.125
BPP_200_400_0.1_0.8_9.C	104	2.200	63.280	0.155
BPP_200_500_0.1_0.8_0.C	108	3.400	66.160	0.039
BPP_200_500_0.1_0.8_1.C	101	9.200	64.280	0.042
BPP_200_500_0.1_0.8_2.C	92	10.000	59.200	0.160
BPP_200_500_0.1_0.8_3.C	103	12.200	66.680	0.094
BPP_200_500_0.1_0.8_4.C	102	3.400	62.560	0.194
BPP_200_500_0.1_0.8_5.C	106	4.000	65.200	0.145
BPP_200_500_0.1_0.8_6.C	103	3.800	63.320	0.217
BPP_200_500_0.1_0.8_7.C	98	9.200	62.480	0.147
BPP_200_500_0.1_0.8_8.C	116	6.800	72.320	0.117
BPP_200_500_0.1_0.8_9.C	104	7.400	65.360	0.078
BPP_200_50_0.1_0.8_0.C	89	3.800	54.920	0.140
BPP_200_50_0.1_0.8_1.C	101	4.000	62.200	0.073
BPP_200_50_0.1_0.8_2.C	93	7.200	58.680	0.069
BPP_200_50_0.1_0.8_3.C	102	4.400	62.960	0.084
BPP_200_50_0.1_0.8_4.C	102	0.200	61.280	0.085
BPP_200_50_0.1_0.8_5.C	105	0.400	63.160	0.175
BPP_200_50_0.1_0.8_6.C	107	1.400	64.760	0.062
BPP_200_50_0.1_0.8_7.C	97	2.800	59.320	0.137
BPP_200_50_0.1_0.8_8.C	95	3.400	58.360	0.149
BPP_200_50_0.1_0.8_9.C	99	5.800	61.720	0.170
BPP_200_750_0.1_0.8_0.C	104	12.200	67.280	0.123
BPP_200_750_0.1_0.8_1.C	101	10.400	64.760	0.036
BPP_200_750_0.1_0.8_2.C	101	8.400	63.960	0.035
BPP_200_750_0.1_0.8_3.C	103	12.000	66.600	0.031
BPP_200_750_0.1_0.8_4.C	102	2.000	62.000	0.199
BPP_200_750_0.1_0.8_5.C	99	7.800	62.520	0.043
BPP_200_750_0.1_0.8_6.C	105	4.200	64.680	0.024
BPP_200_750_0.1_0.8_7.C	104	4.600	64.240	0.096
BPP_200_750_0.1_0.8_8.C	100	3.600	61.440	0.226
BPP_200_750_0.1_0.8_9.C	106	3.600	65.040	0.214
BPP_200_75_0.1_0.8_0.C	99	4.000	61.000	0.142
BPP_200_75_0.1_0.8_1.C	102	2.800	62.320	0.176
BPP_200_75_0.1_0.8_2.C	95	0.800	57.320	0.171
BPP_200_75_0.1_0.8_3.C	110	4.200	67.680	0.131
BPP_200_75_0.1_0.8_4.C	103	1.800	62.520	0.078
BPP_200_75_0.1_0.8_5.C	99	4.800	61.320	0.144
BPP_200_75_0.1_0.8_6.C	96	7.000	60.400	0.205
BPP_200_75_0.1_0.8_7.C	104	4.400	64.160	0.186
BPP_200_75_0.1_0.8_8.C	96	6.800	60.320	0.183
BPP_200_75_0.1_0.8_9.C	105	9.600	66.840	0.252
BPP_50_1000_0.1_0.8_0.C	24	9.600	18.240	0.001
BPP_50_1000_0.1_0.8_1.C	25	9.000	18.600	0.002
BPP_50_1000_0.1_0.8_2.C	23	8.400	17.160	0.001
BPP_50_1000_0.1_0.8_3.C	27	8.200	19.480	0.000
BPP_50_1000_0.1_0.8_4.C	26	3.000	16.800	0.001
BPP_50_1000_0.1_0.8_5.C	30	1.800	18.720	0.001
BPP_50_1000_0.1_0.8_6.C	25	3.600	16.440	0.001
BPP_50_1000_0.1_0.8_7.C	27	2.000	17.000	0.001
BPP_50_1000_0.1_0.8_8.C	21	2.400	13.560	0.001
BPP_50_1000_0.1_0.8_9.C	24	2.400	15.360	0.002
BPP_50_100_0.1_0.8_0.C	31	0.400	18.760	0.001
BPP_50_100_0.1_0.8_1.C	28	0.600	17.040	0.000
BPP_50_100_0.1_0.8_2.C	26	0.800	15.920	0.001
BPP_50_100_0.1_0.8_3.C	22	1.000	13.600	0.001
BPP_50_100_0.1_0.8_4.C	27	0.200	16.280	0.001
BPP_50_100_0.1_0.8_5.C	25	1.200	15.480	0.002
BPP_50_100_0.1_0.8_6.C	28	1.000	17.200	0.001
BPP_50_100_0.1_0.8_7.C	26	3.600	17.040	0.001
BPP_50_100_0.1_0.8_8.C	23	1.200	14.280	0.000
BPP_50_100_0.1_0.8_9.C	26	1.400	16.160	0.001
BPP_50_120_0.1_0.8_0.C	27	1.000	16.600	0.002
BPP_50_120_0.1_0.8_1.C	23	1.200	14.280	0.001
BPP_50_120_0.1_0.8_2.C	27	3.000	17.400	0.001
BPP_50_120_0.1_0.8_3.C	23	1.200	14.280	0.002
BPP_50_120_0.1_0.8_4.C	28	6.200	19.280	0.001
BPP_50_120_0.1_0.8_5.C	25	0.600	15.240	0.001
BPP_50_120_0.1_0.8_6.C	24	4.200	16.080	0.001
BPP_50_120_0.1_0.8_7.C	24	6.400	16.960	0.001
BPP_50_120_0.1_0.8_8.C	25	3.000	16.200	0.000
BPP_50_120_0.1_0.8_9.C	24	5.000	16.400	0.001
BPP_50_125_0.1_0.8_0.C	28	1.400	17.360	0.001
BPP_50_125_0.1_0.8_1.C	26	1.000	16.000	0.002
BPP_50_125_0.1_0.8_2.C	23	2.000	14.600	0.001
BPP_50_125_0.1_0.8_3.C	30	3.600	19.440	0.001
BPP_50_125_0.1_0.8_4.C	27	3.800	17.720	0.000
BPP_50_125_0.1_0.8_5.C	32	3.600	20.640	0.001
BPP_50_125_0.1_0.8_6.C	27	2.400	17.160	0.001
BPP_50_125_0.1_0.8_7.C	29	4.600	19.240	0.001
BPP_50_125_0.1_0.8_8.C	23	5.000	15.800	0.001
BPP_50_125_0.1_0.8_9.C	26	4.600	17.440	0.001
BPP_50_150_0.1_0.8_0.C	24	0.400	14.560	0.001
BPP_50_150_0.1_0.8_1.C	29	1.600	18.040	0.002
BPP_50_150_0.1_0.8_2.C	26	5.000	17.600	0.000
BPP_50_150_0.1_0.8_3.C	27	4.800	18.120	0.000
BPP_50_150_0.1_0.8_4.C	22	1.800	13.920	0.001
BPP_50_150_0.1_0.8_5.C	26	1.800	16.320	0.001
BPP_50_150_0.1_0.8_6.C	24	2.400	15.360	0.000
BPP_50_150_0.1_0.8_7.C	25	1.600	15.640	0.001
BPP_50_150_0.1_0.8_8.C	24	1.600	15.040	0.001
BPP_50_150_0.1_0.8_9.C	24	1.600	15.040	0.001
BPP_50_200_0.1_0.8_0.C	26	4.200	17.280	0.000
BPP_50_200_0.1_0.8_1.C	26	1.000	16.000	0.001
BPP_50_200_0.1_0.8_2.C	22	0.800	13.520	0.003
BPP_50_200_0.1_0.8_3.C	25	2.600	16.040	0.000
BPP_50_200_0.1_0.8_4.C	27	1.400	16.760	0.001
BPP_50_200_0.1_0.8_5.C	33	1.600	20.440	0.001
BPP_50_200_0.1_0.8_6.C	25	1.000	15.400	0.001
BPP_50_200_0.1_0.8_7.C	24	4.600	16.240	0.000
BPP_50_200_0.1_0.8_8.C	27	0.800	16.520	0.001
BPP_50_200_0.1_0.8_9.C	24	4.800	16.320	0.001
BPP_50_300_0.1_0.8_0.C	26	2.800	16.720	0.000
BPP_50_300_0.1_0.8_1.C	27	4.000	17.800	0.001
BPP_50_300_0.1_0.8_2.C	28	4.800	18.720	0.001
BPP_50_300_0.1_0.8_3.C	28	3.600	18.240	0.001
BPP_50_300_0.1_0.8_4.C	30	5.000	20.000	0.001
BPP_50_300_0.1_0.8_5.C	25	4.800	16.920	0.001
BPP_50_300_0.1_0.8_6.C	22	4.000	14.800	0.001
BPP_50_300_0.1_0.8_7.C	30	3.600	19.440	0.001
BPP_50_300_0.1_0.8_8.C	30	3.400	19.360	0.001
BPP_50_300_0.1_0.8_9.C	30	3.600	19.440	0.001
BPP_50_400_0.1_0.8_0.C	23	0.800	14.120	0.001
BPP_50_400_0.1_0.8_1.C	31	0.800	18.920	0.001
BPP_50_400_0.1_0.8_2.C	24	1.600	15.040	0.003
BPP_50_400_0.1_0.8_3.C	26	4.400	17.360	0.000
BPP_50_400_0.1_0.8_4.C	23	2.200	14.680	0.001
BPP_50_400_0.1_0.8_5.C	29	3.600	18.840	0.001
BPP_50_400_0.1_0.8_6.C	27	8.400	19.560	0.001
BPP_50_400_0.1_0.8_7.C	25	1.600	15.640	0.002
BPP_50_400_0.1_0.8_8.C	32	7.000	22.000	0.002
BPP_50_400_0.1_0.8_9.C	27	7.200	19.080	0.001
BPP_50_500_0.1_0.8_0.C	27	3.000	17.400	0.001
BPP_50_500_0.1_0.8_1.C	27	1.400	16.760	0.001
BPP_50_500_0.1_0.8_2.C	27	1.400	16.760	0.000
BPP_50_500_0.1_0.8_3.C	26	4.400	17.360	0.002
BPP_50_500_0.1_0.8_4.C	23	2.000	14.600	0.000
BPP_50_500_0.1_0.8_5.C	28	3.000	18.000	0.001
BPP_50_500_0.1_0.8_6.C	23	1.200	14.280	0.001
BPP_50_500_0.1_0.8_7.C	29	2.800	18.520	0.001
BPP_50_500_0.1_0.8_8.C	29	2.000	18.200	0.001
BPP_50_500_0.1_0.8_9.C	28	0.800	17.120	0.000
BPP_50_50_0.1_0.8_0.C	26	3.400	16.960	0.001
BPP_50_50_0.1_0.8_1.C	30	1.000	18.400	0.001
BPP_50_50_0.1_0.8_2.C	28	3.000	18.000	0.000
BPP_50_50_0.1_0.8_3.C	22	1.600	13.840	0.000
BPP_50_50_0.1_0.8_4.C	27	3.800	17.720	0.001
BPP_50_50_0.1_0.8_5.C	26	2.800	16.720	0.002
BPP_50_50_0.1_0.8_6.C	26	4.200	17.280	0.000
BPP_50_50_0.1_0.8_7.C	27	5.200	18.280	0.000
BPP_50_50_0.1_0.8_8.C	25	4.400	16.760	0.001
BPP_50_50_0.1_0.8_9.C	27	6.000	18.600	0.001
BPP_50_750_0.1_0.8_0.C	32	5.000	21.200	0.001
BPP_50_750_0.1_0.8_1.C	25	7.200	17.880	0.001
BPP_50_750_0.1_0.8_2.C	28	0.000	16.800	0.001
BPP_50_750_0.1_0.8_3.C	27	0.200	16.280	0.000
BPP_50_750_0.1_0.8_4.C	26	0.400	15.760	0.001
BPP_50_750_0.1_0.8_5.C	28	0.200	16.880	0.002
BPP_50_750_0.1_0.8_6.C	27	-0.000	16.200	0.001
BPP_50_750_0.1_0.8_7.C	29	2.800	18.520	0.001
BPP_50_750_0.1_0.8_8.C	27	0.400	16.360	0.001
BPP_50_750_0.1_0.8_9.C	22	0.200	13.280	0.001
BPP_50_75_0.1_0.8_0.C	28	0.400	16.960	0.000
BPP_50_75_0.1_0.8_1.C	31	2.600	19.640	0.001
BPP_50_75_0.1_0.8_2.C	25	3.200	16.280	0.000
BPP_50_75_0.1_0.8_3.C	24	8.200	17.680	0.001
BPP_50_75_0.1_0.8_4.C	30	6.800	20.720	0.001
BPP_50_75_0.1_0.8_5.C	28	1.800	17.520	0.001
BPP_50_75_0.1_0.8_6.C	23	2.400	14.760	0.001
BPP_50_75_0.1_0.8_7.C	24	1.600	15.040	0.000
BPP_50_75_0.1_0.8_8.C	22	0.600	13.440	0.001
BPP_50_75_0.1_0.8_9.C	29	2.200	18.280	0.001
